Webots Project File version R2025a
perspectives: 000000ff00000000fd0000000300000000000001ca0000039ffc0200000001fb00000012005300630065006e0065005400720065006501000000000000039f000000000000000000000001000001d8000002e3fc0200000001fb0000001400540065007800740045006400690074006f00720100000016000002e30000008800ffffff000000030000070c000000e5fc0100000002fb0000000e0043006f006e0073006f006c006501000001d0000005b00000000000000000fb0000001a0043006f006e0073006f006c00650041006c006c0041006c006c01000000000000070c0000006900ffffff00000532000002e300000004000000040000000100000008fc00000000
simulationViewPerspectives: 000000ff00000001000000020000016c000004a00100000002010000000101
sceneTreePerspectives: 000000ff00000001000000030000001f000000c0000000fa0100000002010000000201
maximizedDockId: -1
centralWidgetVisible: 1
orthographicViewHeight: 1
textFiles: 0 "controllers/Astar_controller/Astar_controller.py"
consoles: Console:All:All
renderingDevicePerspectives: Pioneer 3-AT:camera;1;3.24057;0;0.69161
